Fitting Digit 0
[7276, 7276, 7276, 7276, 7276, 5962, 5962, 5958, 5958, 5957, 5956, 5956, 5952, 5952, 5945, 5945, 5935, 5935, 5930, 5930, 5927, 5927, 5925, 5924, 5924, 5924, 5924, 5924, 5924, 5924, 5923, 5923, 5923, 5923, 5923, 5923, 5923, 5923, 5923, 5923, 5923, 5923, 5923, 5923, 5923, 5923, 5923, 5923, 5923, 5923, 5923, 5923, 5923, 5923, 5923, 5923, 5923, 5923, 5923, 5923, 5923, 5923, 5922, 5922, 5922, 5922, 5921, 5920, 5919, 5919, 5919, 5919, 5919, 5916, 5916, 5912, 5910, 5907, 5876, 5841, 5840, 5677, 5572, 5562, 5105, 5100, 4801, 4783, 3873, 3873, 3358, 3358, 2060, 2060, 1406, 1406, 57, 57, 1, 1]

Fitting Digit 1
[7889, 7889, 7889, 7889, 7889, 6893, 6893, 6893, 6881, 6877, 6875, 6875, 6862, 6862, 6843, 6843, 6806, 6806, 6791, 6782, 6782, 6775, 6775, 6770, 6767, 6766, 6763, 6760, 6760, 6756, 6755, 6755, 6753, 6752, 6749, 6749, 6747, 6745, 6745, 6745, 6745, 6745, 6745, 6745, 6745, 6745, 6744, 6743, 6743, 6742, 6742, 6742, 6742, 6742, 6742, 6742, 6742, 6742, 6742, 6742, 6741, 6741, 6741, 6741, 6741, 6741, 6741, 6741, 6740, 6740, 6740, 6688, 6018, 5550, 4391, 3916, 3089, 3068, 2734, 2060, 2059, 1766, 1243, 1242, 1024, 1011, 633, 624, 472, 461, 279, 279, 191, 191, 95, 95, 57, 57, 3, 3]

Fitting Digit 2
[7131, 7131, 7131, 7131, 7131, 5979, 5979, 5975, 5975, 5975, 5975, 5975, 5973, 5973, 5968, 5968, 5965, 5965, 5963, 5963, 5962, 5961, 5961, 5960, 5960, 5959, 5959, 5959, 5959, 5959, 5959, 5959, 5959, 5959, 5959, 5959, 5959, 5959, 5959, 5959, 5959, 5958, 5958, 5958, 5958, 5958, 5958, 5958, 5958, 5958, 5958, 5958, 5958, 5958, 5958, 5958, 5958, 5958, 5958, 5958, 5958, 5958, 5958, 5958, 5958, 5958, 5958, 5958, 5958, 5958, 5958, 5958, 5957, 5957, 5956, 5954, 5946, 5945, 5909, 5873, 5873, 5672, 5543, 5536, 5056, 5051, 4760, 4747, 3867, 3867, 3374, 3374, 2090, 2090, 1427, 1427, 73, 72, 2, 2]

Fitting Digit 3
[7427, 7427, 7427, 7427, 7427, 6175, 6175, 6175, 6170, 6167, 6167, 6167, 6165, 6165, 6159, 6159, 6153, 6153, 6148, 6146, 6146, 6145, 6145, 6144, 6142, 6141, 6141, 6141, 6140, 6139, 6139, 6139, 6138, 6137, 6136, 6136, 6136, 6136, 6136, 6135, 6135, 6135, 6135, 6135, 6135, 6135, 6134, 6134, 6134, 6134, 6133, 6133, 6133, 6133, 6133, 6133, 6133, 6133, 6133, 6133, 6133, 6132, 6131, 6130, 6129, 6129, 6129, 6128, 6128, 6128, 6128, 6127, 6127, 6127, 6124, 6122, 6093, 6092, 6073, 5940, 5938, 5835, 5352, 5347, 5090, 5072, 4203, 4194, 3802, 3777, 2674, 2674, 2234, 2234, 1227, 1227, 855, 855, 28, 28]

Fitting Digit 4
[6941, 6941, 6941, 6941, 6941, 5885, 5885, 5885, 5880, 5880, 5880, 5880, 5875, 5875, 5871, 5871, 5867, 5867, 5862, 5860, 5860, 5858, 5857, 5849, 5848, 5848, 5846, 5846, 5844, 5844, 5844, 5843, 5843, 5843, 5842, 5842, 5842, 5842, 5842, 5842, 5842, 5842, 5842, 5842, 5842, 5842, 5842, 5842, 5842, 5842, 5842, 5842, 5842, 5842, 5842, 5842, 5842, 5842, 5842, 5842, 5842, 5842, 5842, 5842, 5842, 5842, 5842, 5842, 5842, 5842, 5842, 5842, 5841, 5841, 5840, 5840, 5823, 5823, 5808, 5655, 5654, 5529, 5050, 5050, 4784, 4767, 3870, 3864, 3506, 3483, 2480, 2480, 2039, 2039, 1172, 1171, 762, 762, 23, 23]

Fitting Digit 5
[6484, 6484, 6484, 6484, 6484, 5458, 5458, 5453, 5453, 5453, 5453, 5453, 5452, 5452, 5451, 5451, 5445, 5445, 5443, 5443, 5441, 5441, 5441, 5440, 5440, 5438, 5438, 5438, 5437, 5437, 5437, 5437, 5437, 5436, 5436, 5436, 5436, 5436, 5435, 5434, 5434, 5434, 5433, 5432, 5432, 5432, 5431, 5430, 5430, 5429, 5426, 5425, 5425, 5425, 5425, 5425, 5425, 5424, 5424, 5423, 5422, 5421, 5417, 5417, 5416, 5416, 5416, 5415, 5415, 5415, 5414, 5414, 5412, 5409, 5409, 5403, 5392, 5392, 5314, 5254, 5251, 4972, 4826, 4822, 4154, 4151, 3872, 3855, 2928, 2928, 2522, 2522, 1441, 1441, 1033, 1033, 51, 51, 2, 2]

Fitting Digit 6
[7186, 7186, 7186, 7186, 7186, 6012, 6012, 6012, 6001, 5997, 5996, 5996, 5989, 5989, 5980, 5980, 5957, 5957, 5946, 5942, 5942, 5938, 5938, 5936, 5935, 5932, 5927, 5927, 5927, 5924, 5923, 5921, 5921, 5921, 5920, 5920, 5919, 5918, 5918, 5918, 5918, 5918, 5918, 5918, 5918, 5918, 5918, 5918, 5918, 5918, 5918, 5918, 5918, 5918, 5918, 5918, 5918, 5918, 5918, 5918, 5918, 5918, 5918, 5918, 5918, 5918, 5918, 5918, 5918, 5918, 5918, 5918, 5917, 5917, 5917, 5915, 5866, 5865, 5817, 5499, 5499, 5289, 4553, 4551, 4149, 4119, 3078, 3066, 2653, 2611, 1634, 1633, 1230, 1230, 624, 624, 383, 383, 15, 14]

Fitting Digit 7
[7357, 7357, 7357, 7357, 7357, 6331, 6331, 6331, 6322, 6321, 6320, 6320, 6317, 6317, 6313, 6313, 6298, 6298, 6294, 6292, 6292, 6288, 6285, 6282, 6280, 6277, 6275, 6275, 6274, 6272, 6271, 6270, 6269, 6269, 6268, 6268, 6268, 6268, 6267, 6267, 6267, 6267, 6266, 6266, 6266, 6266, 6266, 6266, 6266, 6266, 6266, 6266, 6266, 6266, 6266, 6265, 6265, 6265, 6265, 6265, 6265, 6265, 6265, 6265, 6265, 6265, 6265, 6265, 6265, 6264, 6264, 6264, 6263, 6263, 6257, 6254, 6237, 6236, 6210, 6001, 5997, 5857, 5229, 5222, 4908, 4884, 3918, 3886, 3425, 3386, 2263, 2263, 1805, 1805, 942, 942, 649, 649, 28, 28]

Fitting Digit 8
[6878, 6878, 6878, 6878, 6878, 5877, 5877, 5877, 5875, 5875, 5874, 5874, 5872, 5872, 5868, 5868, 5866, 5866, 5863, 5862, 5862, 5859, 5859, 5858, 5858, 5857, 5856, 5856, 5855, 5854, 5854, 5854, 5854, 5854, 5854, 5854, 5854, 5853, 5853, 5853, 5853, 5853, 5853, 5853, 5852, 5852, 5852, 5852, 5852, 5852, 5852, 5852, 5852, 5852, 5852, 5852, 5852, 5852, 5852, 5852, 5851, 5851, 5851, 5851, 5851, 5851, 5851, 5851, 5851, 5851, 5851, 5851, 5851, 5851, 5848, 5848, 5816, 5816, 5781, 5552, 5551, 5403, 4802, 4801, 4439, 4422, 3460, 3444, 3058, 3018, 2083, 2083, 1693, 1693, 915, 915, 603, 603, 15, 15]

Fitting Digit 9
[6995, 6995, 6995, 6995, 6995, 6042, 6042, 6042, 6040, 6038, 6038, 6038, 6036, 6036, 6024, 6024, 6005, 6005, 5997, 5996, 5996, 5989, 5987, 5978, 5977, 5974, 5971, 5970, 5967, 5965, 5961, 5960, 5959, 5958, 5956, 5956, 5954, 5953, 5952, 5952, 5952, 5951, 5951, 5951, 5951, 5951, 5951, 5950, 5950, 5950, 5950, 5950, 5950, 5950, 5949, 5949, 5949, 5949, 5949, 5949, 5949, 5949, 5949, 5949, 5949, 5949, 5949, 5949, 5948, 5948, 5948, 5947, 5946, 5945, 5941, 5935, 5863, 5860, 5808, 5326, 5320, 5030, 3919, 3914, 3401, 3352, 2234, 2219, 1798, 1757, 962, 962, 702, 702, 321, 321, 189, 189, 10, 10]

Count
5923
6740

Best min_ratio
0.75
0.65
0.72
0.71
0.74
0.74
0.72
0.72
0.72
0.72